0	file:/media/sf_vm-shared/project4/data/nsf/the-astrophysics-of-spinning-black-holes.txt	0.01179245283018868	0.3891509433962264	0.0023584905660377358	0.01179245283018868	0.0023584905660377358	0.0023584905660377358	0.125	0.24764150943396226	0.0023584905660377358	0.0023584905660377358	0.01179245283018868	0.01179245283018868	0.0023584905660377358	0.030660377358490566	0.0023584905660377358	0.04009433962264151	0.09669811320754718	0.0023584905660377358	0.0023584905660377358	0.0023584905660377358
1	file:/media/sf_vm-shared/project4/data/nsf/workshop-support-for-hosting-5th-cirp-international-workshop-on-modeling-of.txt	0.0015723270440251573	0.12106918238993711	0.11477987421383648	0.0015723270440251573	0.5801886792452831	0.020440251572327043	0.0015723270440251573	0.0015723270440251573	0.0015723270440251573	0.05817610062893082	0.014150943396226415	0.0015723270440251573	0.0015723270440251573	0.05188679245283019	0.0015723270440251573	0.007861635220125786	0.007861635220125786	0.0015723270440251573	0.007861635220125786	0.0015723270440251573
2	file:/media/sf_vm-shared/project4/data/nsf/west-virginia-blueprint-for-science-and-technology-strengthening-statewide.txt	0.0012755102040816326	0.05739795918367347	0.0012755102040816326	0.0012755102040816326	0.2614795918367347	0.0012755102040816326	0.036989795918367346	0.0012755102040816326	0.011479591836734694	0.3482142857142857	0.20535714285714285	0.0012755102040816326	0.006377551020408163	0.016581632653061226	0.006377551020408163	0.006377551020408163	0.006377551020408163	0.0012755102040816326	0.0012755102040816326	0.026785714285714284
3	file:/media/sf_vm-shared/project4/data/nsf/integrated-sensing-porous-silicon-integrated-sensor-arrays.txt	0.30426356589147285	0.22674418604651161	0.001937984496124031	0.001937984496124031	0.009689922480620155	0.0872093023255814	0.2655038759689923	0.001937984496124031	0.001937984496124031	0.009689922480620155	0.001937984496124031	0.001937984496124031	0.001937984496124031	0.009689922480620155	0.009689922480620155	0.001937984496124031	0.001937984496124031	0.04844961240310078	0.009689922480620155	0.001937984496124031
4	file:/media/sf_vm-shared/project4/data/nsf/us-italy-planning-visit-ecological-bioenergetic-and-life-history.txt	0.0029411764705882353	0.17941176470588235	0.026470588235294117	0.4147058823529412	0.0029411764705882353	0.07352941176470588	0.0029411764705882353	0.0029411764705882353	0.0029411764705882353	0.07352941176470588	0.0029411764705882353	0.12058823529411765	0.0029411764705882353	0.014705882352941176	0.014705882352941176	0.0029411764705882353	0.0029411764705882353	0.0029411764705882353	0.0029411764705882353	0.05
5	file:/media/sf_vm-shared/project4/data/nsf/quantum-information-theory.txt	0.046348314606741575	0.05758426966292135	0.0014044943820224719	0.0014044943820224719	0.0014044943820224719	0.018258426966292134	0.0014044943820224719	0.28230337078651685	0.012640449438202247	0.018258426966292134	0.22612359550561797	0.007022471910112359	0.0014044943820224719	0.175561797752809	0.007022471910112359	0.012640449438202247	0.11938202247191011	0.0014044943820224719	0.007022471910112359	0.0014044943820224719
6	file:/media/sf_vm-shared/project4/data/nsf/mapping-microlensing-and-stellar-variability-in-m31.txt	0.001838235294117647	0.20036764705882354	0.001838235294117647	0.001838235294117647	0.06066176470588235	0.001838235294117647	0.001838235294117647	0.38419117647058826	0.001838235294117647	0.001838235294117647	0.001838235294117647	0.016544117647058824	0.001838235294117647	0.08272058823529412	0.001838235294117647	0.04595588235294118	0.001838235294117647	0.05330882352941176	0.08272058823529412	0.05330882352941176
7	file:/media/sf_vm-shared/project4/data/nsf/csedi-theoretical-and-experimental-studies-of-some-materials-fundamental-to-the.txt	0.002380952380952381	0.16428571428571428	0.011904761904761904	0.011904761904761904	0.002380952380952381	0.011904761904761904	0.20238095238095238	0.002380952380952381	0.002380952380952381	0.002380952380952381	0.002380952380952381	0.002380952380952381	0.002380952380952381	0.02142857142857143	0.002380952380952381	0.030952380952380953	0.2119047619047619	0.002380952380952381	0.2976190476190476	0.011904761904761904
8	file:/media/sf_vm-shared/project4/data/nsf/studies-of-crust-and-upper-mantle-structure-mantle-flow-and-geodynamics-of-the.txt	0.004940711462450593	0.10375494071146245	9.881422924901185E-4	9.881422924901185E-4	0.02865612648221344	9.881422924901185E-4	0.016798418972332016	9.881422924901185E-4	9.881422924901185E-4	0.008893280632411068	9.881422924901185E-4	0.004940711462450593	9.881422924901185E-4	0.02865612648221344	0.1590909090909091	9.881422924901185E-4	0.008893280632411068	0.008893280632411068	0.6175889328063241	9.881422924901185E-4
9	file:/media/sf_vm-shared/project4/data/nsf/us-japan-workshops-industrial-ecology-and-environmentally-benign.txt	0.015822784810126583	0.028481012658227847	0.0031645569620253164	0.015822784810126583	0.49683544303797467	0.09177215189873418	0.05379746835443038	0.0031645569620253164	0.015822784810126583	0.0031645569620253164	0.0031645569620253164	0.09177215189873418	0.0031645569620253164	0.0031645569620253164	0.0031645569620253164	0.04113924050632911	0.0031645569620253164	0.0031645569620253164	0.0031645569620253164	0.11708860759493671
10	file:/media/sf_vm-shared/project4/data/nsf/nsf-epscor-workshop-successful-management-strategies.txt	0.005	0.065	0.005	0.005	0.465	0.005	0.005	0.005	0.005	0.025	0.125	0.005	0.025	0.005	0.005	0.185	0.025	0.005	0.005	0.025
11	file:/media/sf_vm-shared/project4/data/nsf/analysis-of-galectins-as-splicing-factors.txt	0.0049800796812749	0.12848605577689243	9.9601593625498E-4	9.9601593625498E-4	9.9601593625498E-4	0.052788844621513946	0.0049800796812749	0.012948207171314742	0.044820717131474105	0.03286852589641434	0.03286852589641434	9.9601593625498E-4	0.5866533864541833	0.08067729083665338	0.0049800796812749	9.9601593625498E-4	0.0049800796812749	9.9601593625498E-4	9.9601593625498E-4	9.9601593625498E-4
12	file:/media/sf_vm-shared/project4/data/nsf/the-origins-of-ranked-society-in-the-northern-titicaca-basin.txt	0.0046641791044776115	0.11287313432835822	9.328358208955224E-4	0.15391791044776118	9.328358208955224E-4	0.09048507462686567	0.01585820895522388	9.328358208955224E-4	9.328358208955224E-4	0.02332089552238806	0.0046641791044776115	9.328358208955224E-4	9.328358208955224E-4	0.02332089552238806	0.19496268656716417	0.23973880597014927	9.328358208955224E-4	9.328358208955224E-4	0.012126865671641791	0.1166044776119403
13	file:/media/sf_vm-shared/project4/data/nsf/professional-development-materials-for-constructing-physics-understanding-among.txt	0.005	0.065	0.025	0.005	0.005	0.025	0.005	0.065	0.005	0.565	0.105	0.005	0.005	0.065	0.005	0.005	0.005	0.005	0.005	0.025
14	file:/media/sf_vm-shared/project4/data/nsf/integrated-simulation-and-modeling-using-participatory-simulations-to.txt	0.015432098765432098	0.027777777777777776	0.0030864197530864196	0.0030864197530864196	0.0030864197530864196	0.015432098765432098	0.0030864197530864196	0.027777777777777776	0.0030864197530864196	0.2006172839506173	0.2006172839506173	0.0030864197530864196	0.0030864197530864196	0.3487654320987654	0.0030864197530864196	0.027777777777777776	0.10185185185185185	0.0030864197530864196	0.0030864197530864196	0.0030864197530864196
15	file:/media/sf_vm-shared/project4/data/nsf/neuropeptide-control-of-ecdysone-biosynthesis.txt	7.575757575757576E-4	0.09166666666666666	7.575757575757576E-4	0.0946969696969697	0.01893939393939394	7.575757575757576E-4	7.575757575757576E-4	7.575757575757576E-4	0.04621212121212121	7.575757575757576E-4	0.003787878787878788	0.009848484848484848	0.5643939393939394	0.11893939393939394	0.02196969696969697	7.575757575757576E-4	7.575757575757576E-4	7.575757575757576E-4	7.575757575757576E-4	0.02196969696969697
16	file:/media/sf_vm-shared/project4/data/nsf/longitudinal-effects-of-technical-change-capital-accumulation-and-labor-market.txt	0.014705882352941176	0.1977124183006536	0.08660130718954248	0.008169934640522876	0.06045751633986928	0.0016339869281045752	0.0016339869281045752	0.008169934640522876	0.0016339869281045752	0.008169934640522876	0.0016339869281045752	0.0016339869281045752	0.014705882352941176	0.0016339869281045752	0.05392156862745098	0.4068627450980392	0.0016339869281045752	0.07352941176470588	0.021241830065359478	0.03431372549019608
17	file:/media/sf_vm-shared/project4/data/nsf/the-role-of-starch-in-nectar-production.txt	0.008211678832116789	0.18339416058394162	9.124087591240876E-4	0.1395985401459854	0.004562043795620438	0.011861313868613138	0.008211678832116789	9.124087591240876E-4	9.124087591240876E-4	9.124087591240876E-4	9.124087591240876E-4	9.124087591240876E-4	0.5045620437956204	0.0885036496350365	9.124087591240876E-4	0.004562043795620438	0.004562043795620438	0.02281021897810219	0.008211678832116789	0.004562043795620438
18	file:/media/sf_vm-shared/project4/data/nsf/space-weather-an-operational-sun-to-earth-model.txt	0.026470588235294117	0.05	0.026470588235294117	0.0029411764705882353	0.0029411764705882353	0.37941176470588234	0.0029411764705882353	0.0029411764705882353	0.0029411764705882353	0.026470588235294117	0.08529411764705883	0.0029411764705882353	0.0029411764705882353	0.0029411764705882353	0.0029411764705882353	0.0029411764705882353	0.12058823529411765	0.0029411764705882353	0.0029411764705882353	0.25
19	file:/media/sf_vm-shared/project4/data/nsf/itr-an-adaptive-wavefront-construction-algorithm-for-optimal-seismic-ray.txt	0.026859504132231406	0.11776859504132231	0.002066115702479339	0.002066115702479339	0.026859504132231406	0.14256198347107438	0.002066115702479339	0.002066115702479339	0.002066115702479339	0.002066115702479339	0.13429752066115702	0.002066115702479339	0.002066115702479339	0.026859504132231406	0.002066115702479339	0.002066115702479339	0.34917355371900827	0.002066115702479339	0.15082644628099173	0.002066115702479339
20	file:/media/sf_vm-shared/project4/data/nsf/a-real-time-sequence-detection-system-for-the-center-for-marine-genomic-studies.txt	0.002976190476190476	0.09821428571428571	0.002976190476190476	0.002976190476190476	0.026785714285714284	0.050595238095238096	0.002976190476190476	0.002976190476190476	0.03869047619047619	0.002976190476190476	0.050595238095238096	0.28869047619047616	0.28869047619047616	0.002976190476190476	0.050595238095238096	0.002976190476190476	0.002976190476190476	0.002976190476190476	0.0744047619047619	0.002976190476190476
21	file:/media/sf_vm-shared/project4/data/nsf/us-japan-cooperative-science-study-of-quantum-hydrogen-fluids-and-solids.txt	0.0013966480446927375	0.15223463687150837	0.0013966480446927375	0.0013966480446927375	0.17458100558659218	0.0013966480446927375	0.22486033519553073	0.029329608938547486	0.14664804469273743	0.0013966480446927375	0.0013966480446927375	0.0013966480446927375	0.029329608938547486	0.0013966480446927375	0.0013966480446927375	0.0013966480446927375	0.0013966480446927375	0.0013966480446927375	0.0013966480446927375	0.22486033519553073
22	file:/media/sf_vm-shared/project4/data/nsf/acquisition-of-research-insrumentation-for-molecular-and-cellular-biology.txt	5.966587112171838E-4	0.1247016706443914	0.029236276849642005	0.02684964200477327	0.014916467780429593	5.966587112171838E-4	0.014916467780429593	5.966587112171838E-4	0.0029832935560859188	0.10799522673031026	0.03639618138424821	0.2607398568019093	0.32279236276849643	0.045942720763723154	5.966587112171838E-4	5.966587112171838E-4	0.007756563245823389	5.966587112171838E-4	5.966587112171838E-4	5.966587112171838E-4
23	file:/media/sf_vm-shared/project4/data/nsf/sttr-phase-i-low-power-vlsi-circuits-for-large-scale-neuronal-recording.txt	0.5445736434108527	0.009689922480620155	0.03294573643410853	0.001937984496124031	0.11046511627906977	0.001937984496124031	0.01744186046511628	0.001937984496124031	0.001937984496124031	0.001937984496124031	0.17248062015503876	0.009689922480620155	0.040697674418604654	0.01744186046511628	0.001937984496124031	0.001937984496124031	0.009689922480620155	0.01744186046511628	0.001937984496124031	0.001937984496124031
24	file:/media/sf_vm-shared/project4/data/nsf/investigation-of-nitric-oxide-kinetics-in-diffusion-flames-with-laser-induced.txt	0.1015625	0.1453125	0.0015625	0.0015625	0.0015625	0.0515625	0.1265625	0.0015625	0.1890625	0.0015625	0.0015625	0.0015625	0.0015625	0.0078125	0.0203125	0.0015625	0.0015625	0.2578125	0.0703125	0.0140625
25	file:/media/sf_vm-shared/project4/data/nsf/biocomplexity-incubation-activity-the-colloid-gap-interfacial-phenomena.txt	0.020432692307692308	0.1310096153846154	0.006009615384615385	0.015625	0.001201923076923077	0.015625	0.020432692307692308	0.001201923076923077	0.16947115384615385	0.001201923076923077	0.001201923076923077	0.001201923076923077	0.11658653846153846	0.0829326923076923	0.025240384615384616	0.001201923076923077	0.06850961538461539	0.3137019230769231	0.001201923076923077	0.006009615384615385
26	file:/media/sf_vm-shared/project4/data/nsf/open-archives-distributed-services-for-physicists-and-graduate-students-oad.txt	0.004032258064516129	0.036290322580645164	0.10080645161290322	0.004032258064516129	0.036290322580645164	0.004032258064516129	0.004032258064516129	0.036290322580645164	0.004032258064516129	0.22983870967741934	0.375	0.020161290322580645	0.004032258064516129	0.004032258064516129	0.004032258064516129	0.004032258064516129	0.004032258064516129	0.004032258064516129	0.004032258064516129	0.11693548387096774
27	file:/media/sf_vm-shared/project4/data/nsf/visualization-rui-user-directed-segmentation-and-visualization-of-volumetric.txt	0.014840182648401826	0.04223744292237443	0.17009132420091325	0.001141552511415525	0.014840182648401826	0.19292237442922375	0.005707762557077625	0.010273972602739725	0.010273972602739725	0.09246575342465753	0.3253424657534247	0.001141552511415525	0.001141552511415525	0.010273972602739725	0.001141552511415525	0.010273972602739725	0.04680365296803653	0.005707762557077625	0.001141552511415525	0.04223744292237443
28	file:/media/sf_vm-shared/project4/data/nsf/traceability-based-dynamic-metrics-as-a-tool-for-evaluating-partitioning.txt	0.002232142857142857	0.20758928571428573	0.046875	0.06473214285714286	0.020089285714285716	0.08258928571428571	0.002232142857142857	0.05580357142857143	0.002232142857142857	0.011160714285714286	0.37723214285714285	0.002232142857142857	0.011160714285714286	0.046875	0.002232142857142857	0.011160714285714286	0.011160714285714286	0.002232142857142857	0.002232142857142857	0.03794642857142857
29	file:/media/sf_vm-shared/project4/data/nsf/pervasive-information-community-organization-pico-a-framework-for-internet.txt	0.0012953367875647669	0.07901554404145078	0.0012953367875647669	0.0012953367875647669	0.08419689119170984	0.08937823834196891	0.0012953367875647669	0.0012953367875647669	0.0012953367875647669	0.06347150259067358	0.5712435233160622	0.0012953367875647669	0.006476683937823834	0.022020725388601035	0.011658031088082901	0.03238341968911917	0.0012953367875647669	0.006476683937823834	0.0012953367875647669	0.022020725388601035
30	file:/media/sf_vm-shared/project4/data/nsf/peptidases-that-degrade-solid-spider-silk-fibers.txt	0.008620689655172414	0.14655172413793102	0.0017241379310344827	0.0706896551724138	0.08448275862068966	0.0017241379310344827	0.015517241379310345	0.022413793103448276	0.015517241379310345	0.06379310344827586	0.0017241379310344827	0.4086206896551724	0.13275862068965516	0.008620689655172414	0.0017241379310344827	0.0017241379310344827	0.0017241379310344827	0.0017241379310344827	0.0017241379310344827	0.008620689655172414
31	file:/media/sf_vm-shared/project4/data/nsf/collaborative-research-seismic-characterization-of-a-gas-hydrate-system-in-the.txt	0.16379310344827586	0.04885057471264368	0.0028735632183908046	0.0028735632183908046	0.0028735632183908046	0.0028735632183908046	0.0028735632183908046	0.0028735632183908046	0.0028735632183908046	0.0028735632183908046	0.07183908045977011	0.0028735632183908046	0.0028735632183908046	0.0028735632183908046	0.09482758620689655	0.014367816091954023	0.10632183908045977	0.0028735632183908046	0.4166666666666667	0.04885057471264368
32	file:/media/sf_vm-shared/project4/data/nsf/missing-sensor-data-restoration-computationally-intelligent-discovery-of.txt	0.08168316831683169	0.0024752475247524753	0.012376237623762377	0.0024752475247524753	0.03217821782178218	0.3292079207920792	0.0024752475247524753	0.0024752475247524753	0.0024752475247524753	0.0024752475247524753	0.2400990099009901	0.0024752475247524753	0.07178217821782178	0.04207920792079208	0.0024752475247524753	0.03217821782178218	0.07178217821782178	0.022277227722772276	0.0024752475247524753	0.04207920792079208
33	file:/media/sf_vm-shared/project4/data/nsf/a-combined-mathematics-laboratory-and-classroom-environment.txt	0.0868421052631579	0.002631578947368421	0.013157894736842105	0.002631578947368421	0.002631578947368421	0.034210526315789476	0.002631578947368421	0.002631578947368421	0.034210526315789476	0.5184210526315789	0.1394736842105263	0.002631578947368421	0.002631578947368421	0.05526315789473684	0.002631578947368421	0.002631578947368421	0.06578947368421052	0.002631578947368421	0.002631578947368421	0.02368421052631579
34	file:/media/sf_vm-shared/project4/data/nsf/sger-on-line-fiber-preform-permeability-measurement-and-its-applications-to.txt	0.08009708737864078	0.1966019417475728	0.050970873786407765	0.0024271844660194173	0.012135922330097087	0.24514563106796117	0.2645631067961165	0.0703883495145631	0.0024271844660194173	0.0024271844660194173	0.012135922330097087	0.0024271844660194173	0.0024271844660194173	0.03155339805825243	0.0024271844660194173	0.0024271844660194173	0.0024271844660194173	0.0024271844660194173	0.0024271844660194173	0.012135922330097087
35	file:/media/sf_vm-shared/project4/data/nsf/purchase-of-500-mhz-nmr.txt	0.0030864197530864196	0.12654320987654322	0.015432098765432098	0.015432098765432098	0.0030864197530864196	0.015432098765432098	0.040123456790123455	0.0030864197530864196	0.5092592592592593	0.0030864197530864196	0.015432098765432098	0.21296296296296297	0.0030864197530864196	0.0030864197530864196	0.0030864197530864196	0.0030864197530864196	0.0030864197530864196	0.015432098765432098	0.0030864197530864196	0.0030864197530864196
36	file:/media/sf_vm-shared/project4/data/nsf/reductive-biotransformation-and-decolorization-of-reactive-anthraquinone-and.txt	0.0023584905660377358	0.294811320754717	0.02122641509433962	0.0023584905660377358	0.04009433962264151	0.0023584905660377358	0.04009433962264151	0.01179245283018868	0.4268867924528302	0.01179245283018868	0.01179245283018868	0.0023584905660377358	0.01179245283018868	0.0023584905660377358	0.0023584905660377358	0.0023584905660377358	0.0023584905660377358	0.10613207547169812	0.0023584905660377358	0.0023584905660377358
37	file:/media/sf_vm-shared/project4/data/nsf/studies-of-magnetohydrodynamic-turbulence-and-turbulence-in-the-corona-and.txt	0.2830578512396694	0.1756198347107438	0.002066115702479339	0.002066115702479339	0.002066115702479339	0.002066115702479339	0.06818181818181818	0.04338842975206612	0.002066115702479339	0.002066115702479339	0.010330578512396695	0.002066115702479339	0.002066115702479339	0.002066115702479339	0.002066115702479339	0.002066115702479339	0.31611570247933884	0.01859504132231405	0.05991735537190083	0.002066115702479339
38	file:/media/sf_vm-shared/project4/data/nsf/arabidopsis-2010-investigating-coiled-coil-proteins-in-the-arabidopsis-orfeome.txt	0.004370629370629371	0.15821678321678323	8.741258741258741E-4	0.018356643356643356	0.05332167832167832	0.01486013986013986	8.741258741258741E-4	8.741258741258741E-4	0.039335664335664336	0.039335664335664336	0.04283216783216783	8.741258741258741E-4	0.5498251748251748	0.05332167832167832	8.741258741258741E-4	8.741258741258741E-4	0.011363636363636364	0.004370629370629371	8.741258741258741E-4	0.004370629370629371
39	file:/media/sf_vm-shared/project4/data/nsf/collaborative-research-comparative-and-quantitative-studies-of-protistan.txt	0.022569444444444444	0.1892361111111111	0.001736111111111111	0.3767361111111111	0.001736111111111111	0.029513888888888888	0.008680555555555556	0.001736111111111111	0.001736111111111111	0.001736111111111111	0.043402777777777776	0.001736111111111111	0.0920138888888889	0.015625	0.09895833333333333	0.001736111111111111	0.036458333333333336	0.057291666666666664	0.015625	0.001736111111111111
40	file:/media/sf_vm-shared/project4/data/nsf/sbir-phase-i-a-simple-and-practical-solid-state-157-nm-coherent-light-source.txt	0.5870786516853933	0.13764044943820225	0.0028089887640449437	0.0028089887640449437	0.047752808988764044	0.0028089887640449437	0.025280898876404494	0.03651685393258427	0.0028089887640449437	0.014044943820224719	0.0028089887640449437	0.0028089887640449437	0.0028089887640449437	0.0028089887640449437	0.0028089887640449437	0.0028089887640449437	0.1151685393258427	0.0028089887640449437	0.0028089887640449437	0.0028089887640449437
41	file:/media/sf_vm-shared/project4/data/nsf/shipboard-scientific-support-equipment.txt	0.0021929824561403508	0.0021929824561403508	0.0021929824561403508	0.0021929824561403508	0.0021929824561403508	0.0021929824561403508	0.0021929824561403508	0.0021929824561403508	0.0021929824561403508	0.010964912280701754	0.08114035087719298	0.8530701754385965	0.0021929824561403508	0.0021929824561403508	0.0021929824561403508	0.0021929824561403508	0.0021929824561403508	0.010964912280701754	0.010964912280701754	0.0021929824561403508
42	file:/media/sf_vm-shared/project4/data/nsf/molecular-investigations-of-gnrh-in-lamprey-reproduction.txt	0.030660377358490566	0.15330188679245282	0.04009433962264151	0.2665094339622642	0.01179245283018868	0.02122641509433962	0.0023584905660377358	0.04009433962264151	0.0023584905660377358	0.07783018867924528	0.02122641509433962	0.0023584905660377358	0.24764150943396226	0.0023584905660377358	0.0023584905660377358	0.0023584905660377358	0.0023584905660377358	0.0023584905660377358	0.0023584905660377358	0.06839622641509434
43	file:/media/sf_vm-shared/project4/data/nsf/computability-theory.txt	0.00744047619047619	0.03125	0.001488095238095238	0.001488095238095238	0.001488095238095238	0.019345238095238096	0.001488095238095238	0.43601190476190477	0.001488095238095238	0.013392857142857142	0.001488095238095238	0.001488095238095238	0.001488095238095238	0.15625	0.001488095238095238	0.001488095238095238	0.3169642857142857	0.001488095238095238	0.001488095238095238	0.001488095238095238
44	file:/media/sf_vm-shared/project4/data/nsf/development-of-novel-3d-nano-lithography-fundamental-investigations-and.txt	0.0018656716417910447	0.1884328358208955	0.0018656716417910447	0.0018656716417910447	0.06902985074626866	0.0018656716417910447	0.38992537313432835	0.0018656716417910447	0.009328358208955223	0.11380597014925373	0.0018656716417910447	0.0018656716417910447	0.0018656716417910447	0.03171641791044776	0.0018656716417910447	0.03171641791044776	0.09888059701492537	0.0018656716417910447	0.0018656716417910447	0.04664179104477612
45	file:/media/sf_vm-shared/project4/data/nsf/career-theoretical-studies-of-bond-breaking-diradicals-and-nondynamical.txt	0.0025	0.0725	0.0025	0.0025	0.0225	0.0625	0.0325	0.0225	0.2225	0.1725	0.0025	0.0025	0.0025	0.0425	0.0025	0.0025	0.1825	0.0025	0.0025	0.1425
46	file:/media/sf_vm-shared/project4/data/nsf/oig-0135954-audit-of-nsf-awards-to-madison-area-technical-college-to-be.txt	0.03571428571428571	0.03571428571428571	0.17857142857142858	0.03571428571428571	0.03571428571428571	0.03571428571428571	0.03571428571428571	0.03571428571428571	0.03571428571428571	0.03571428571428571	0.03571428571428571	0.03571428571428571	0.17857142857142858	0.03571428571428571	0.03571428571428571	0.03571428571428571	0.03571428571428571	0.03571428571428571	0.03571428571428571	0.03571428571428571
47	file:/media/sf_vm-shared/project4/data/nsf/career-algebraic-geometry-of-moduli-spaces.txt	0.01059322033898305	0.05296610169491525	0.00211864406779661	0.00211864406779661	0.0614406779661017	0.036016949152542374	0.00211864406779661	0.5699152542372882	0.01059322033898305	0.06991525423728813	0.019067796610169493	0.00211864406779661	0.00211864406779661	0.019067796610169493	0.05296610169491525	0.01059322033898305	0.06991525423728813	0.00211864406779661	0.00211864406779661	0.00211864406779661
48	file:/media/sf_vm-shared/project4/data/nsf/transient-authentication-for-mobile-devices.txt	0.002136752136752137	0.1388888888888889	0.002136752136752137	0.002136752136752137	0.019230769230769232	0.21581196581196582	0.002136752136752137	0.019230769230769232	0.002136752136752137	0.002136752136752137	0.4465811965811966	0.002136752136752137	0.002136752136752137	0.04487179487179487	0.002136752136752137	0.07905982905982906	0.010683760683760684	0.002136752136752137	0.002136752136752137	0.002136752136752137
49	file:/media/sf_vm-shared/project4/data/nsf/us-hungary-materials-theory-research-on-strongly-correlated-and-mesoscopic.txt	0.0016556291390728477	0.14072847682119205	0.0016556291390728477	0.008278145695364239	0.048013245033112585	0.02152317880794702	0.4056291390728477	0.11423841059602649	0.014900662251655629	0.0016556291390728477	0.008278145695364239	0.0016556291390728477	0.0016556291390728477	0.0016556291390728477	0.008278145695364239	0.0016556291390728477	0.054635761589403975	0.0016556291390728477	0.0016556291390728477	0.1605960264900662
50	file:/media/sf_vm-shared/project4/data/nsf/balancing-cost-with-benefits-of-health-care-technologies-in-the-new-millennium.txt	0.020642201834862386	0.0022935779816513763	0.020642201834862386	0.0022935779816513763	0.5435779816513762	0.020642201834862386	0.011467889908256881	0.020642201834862386	0.011467889908256881	0.07568807339449542	0.0022935779816513763	0.0022935779816513763	0.0022935779816513763	0.02981651376146789	0.0022935779816513763	0.13990825688073394	0.0022935779816513763	0.0022935779816513763	0.011467889908256881	0.07568807339449542
51	file:/media/sf_vm-shared/project4/data/nsf/scholarship-and-travel-grants-for-the-grace-hopper-celebration-of-women-in.txt	0.001937984496124031	0.01744186046511628	0.001937984496124031	0.001937984496124031	0.6686046511627907	0.001937984496124031	0.001937984496124031	0.001937984496124031	0.001937984496124031	0.12596899224806202	0.01744186046511628	0.001937984496124031	0.001937984496124031	0.04844961240310078	0.001937984496124031	0.0562015503875969	0.009689922480620155	0.001937984496124031	0.001937984496124031	0.03294573643410853
52	file:/media/sf_vm-shared/project4/data/nsf/high-resolution-time-series-of-california-climate-over-the-last-12000-years.txt	9.25925925925926E-4	0.0787037037037037	0.01574074074074074	0.01574074074074074	9.25925925925926E-4	9.25925925925926E-4	9.25925925925926E-4	0.019444444444444445	0.004629629629629629	9.25925925925926E-4	9.25925925925926E-4	0.01574074074074074	0.004629629629629629	0.03796296296296296	0.7601851851851852	9.25925925925926E-4	0.012037037037037037	0.026851851851851852	9.25925925925926E-4	9.25925925925926E-4
53	file:/media/sf_vm-shared/project4/data/nsf/sbir-phase-i-saving-post-chemical-mechanical-planarizingpolishing-cmp-wafers.txt	0.8737623762376238	0.0024752475247524753	0.0024752475247524753	0.0024752475247524753	0.0024752475247524753	0.012376237623762377	0.03217821782178218	0.0024752475247524753	0.0024752475247524753	0.0024752475247524753	0.012376237623762377	0.0024752475247524753	0.0024752475247524753	0.012376237623762377	0.0024752475247524753	0.0024752475247524753	0.0024752475247524753	0.022277227722772276	0.0024752475247524753	0.0024752475247524753
54	file:/media/sf_vm-shared/project4/data/nsf/turbo-multiuser-detection-analysis-optimization-and-applications.txt	0.0589171974522293	0.11624203821656051	0.0015923566878980893	0.007961783439490446	0.0015923566878980893	0.06528662420382166	0.0015923566878980893	0.0015923566878980893	0.0015923566878980893	0.0015923566878980893	0.3964968152866242	0.0015923566878980893	0.0015923566878980893	0.10987261146496816	0.0015923566878980893	0.014331210191082803	0.10987261146496816	0.03980891719745223	0.027070063694267517	0.03980891719745223
55	file:/media/sf_vm-shared/project4/data/nsf/rui-oxygen-isotope-thermometry-and-hygrometry-in-quartzites.txt	0.0166015625	0.1337890625	0.0126953125	9.765625E-4	9.765625E-4	9.765625E-4	0.0830078125	0.0048828125	9.765625E-4	9.765625E-4	0.0048828125	0.0126953125	0.0087890625	0.0048828125	9.765625E-4	0.0087890625	0.0595703125	0.3330078125	0.2900390625	0.0205078125
56	file:/media/sf_vm-shared/project4/data/nsf/toward-quantum-computing-with-molecular-magnets-studies-of-spin-dynamics-in-a.txt	0.001893939393939394	0.0928030303030303	0.00946969696969697	0.001893939393939394	0.001893939393939394	0.04734848484848485	0.38825757575757575	0.054924242424242424	0.10795454545454546	0.10795454545454546	0.02462121212121212	0.017045454545454544	0.001893939393939394	0.08522727272727272	0.001893939393939394	0.00946969696969697	0.001893939393939394	0.03977272727272727	0.001893939393939394	0.001893939393939394
57	file:/media/sf_vm-shared/project4/data/nsf/oxygen-and-hydrogen-fugacity-of-the-purico-ignimbrite-magmas-northern-chile.txt	0.03070175438596491	0.15350877192982457	0.0014619883040935672	0.0014619883040935672	0.0014619883040935672	0.0014619883040935672	0.1476608187134503	0.013157894736842105	0.024853801169590642	0.0014619883040935672	0.007309941520467836	0.0014619883040935672	0.0014619883040935672	0.019005847953216373	0.024853801169590642	0.0014619883040935672	0.007309941520467836	0.2236842105263158	0.3347953216374269	0.0014619883040935672
58	file:/media/sf_vm-shared/project4/data/nsf/workshop-on-shallow-tropical-subtropical-overturning-cells-stcand-their.txt	0.0030864197530864196	0.16358024691358025	0.0030864197530864196	0.015432098765432098	0.1882716049382716	0.0030864197530864196	0.040123456790123455	0.0030864197530864196	0.0030864197530864196	0.05246913580246913	0.0030864197530864196	0.11419753086419752	0.07716049382716049	0.0030864197530864196	0.12654320987654322	0.027777777777777776	0.040123456790123455	0.0030864197530864196	0.12654320987654322	0.0030864197530864196
59	file:/media/sf_vm-shared/project4/data/nsf/arithmetic-geometric-and-ergodic-aspects-of-the-theory-of-lie-groups-and-their.txt	0.0028089887640449437	0.10393258426966293	0.014044943820224719	0.025280898876404494	0.0028089887640449437	0.0028089887640449437	0.014044943820224719	0.7331460674157303	0.0028089887640449437	0.0028089887640449437	0.0028089887640449437	0.0028089887640449437	0.0028089887640449437	0.014044943820224719	0.0028089887640449437	0.0028089887640449437	0.047752808988764044	0.0028089887640449437	0.0028089887640449437	0.014044943820224719
60	file:/media/sf_vm-shared/project4/data/nsf/collaborative-research-a-sea-test-of-the-prod-seafloor-drill.txt	0.0021929824561403508	0.0021929824561403508	0.0021929824561403508	0.010964912280701754	0.0021929824561403508	0.1600877192982456	0.0021929824561403508	0.010964912280701754	0.0021929824561403508	0.046052631578947366	0.0021929824561403508	0.3793859649122807	0.010964912280701754	0.03728070175438596	0.1513157894736842	0.0021929824561403508	0.0021929824561403508	0.07236842105263158	0.03728070175438596	0.06359649122807018
61	file:/media/sf_vm-shared/project4/data/nsf/upgrading-of-geophysics-communal-computer-laboratory.txt	0.05935251798561151	0.03776978417266187	0.008992805755395683	0.008992805755395683	0.03776978417266187	0.08812949640287769	0.0017985611510791368	0.0017985611510791368	0.0017985611510791368	0.052158273381294966	0.13129496402877697	0.29676258992805754	0.0017985611510791368	0.03776978417266187	0.0017985611510791368	0.0017985611510791368	0.023381294964028777	0.0017985611510791368	0.008992805755395683	0.1960431654676259
62	file:/media/sf_vm-shared/project4/data/nsf/begen-en-genome-sequence-and-functional-analysis-of-an-uncultured-bacterium.txt	0.0014970059880239522	0.14520958083832336	0.0014970059880239522	0.1092814371257485	0.09131736526946108	0.0014970059880239522	0.0014970059880239522	0.0014970059880239522	0.0014970059880239522	0.06736526946107785	0.0014970059880239522	0.0014970059880239522	0.34281437125748504	0.08532934131736528	0.0014970059880239522	0.0074850299401197605	0.0074850299401197605	0.01347305389221557	0.0014970059880239522	0.11526946107784432
63	file:/media/sf_vm-shared/project4/data/nsf/collaborative-research-the-influence-of-snow-cover-on-northern-hemisphere.txt	0.0036231884057971015	0.35144927536231885	0.04710144927536232	0.0036231884057971015	0.0036231884057971015	0.0036231884057971015	0.0036231884057971015	0.0036231884057971015	0.0036231884057971015	0.0036231884057971015	0.018115942028985508	0.0036231884057971015	0.0036231884057971015	0.0036231884057971015	0.3804347826086957	0.0036231884057971015	0.0036231884057971015	0.0036231884057971015	0.13405797101449277	0.018115942028985508
64	file:/media/sf_vm-shared/project4/data/nsf/collaborative-research-spatial-and-temporal-variability-of-ground-temperature.txt	0.0035211267605633804	0.15845070422535212	0.0035211267605633804	0.0035211267605633804	0.0035211267605633804	0.0035211267605633804	0.05985915492957746	0.0035211267605633804	0.0035211267605633804	0.017605633802816902	0.0035211267605633804	0.0035211267605633804	0.0035211267605633804	0.07394366197183098	0.22887323943661972	0.0035211267605633804	0.0035211267605633804	0.1443661971830986	0.2147887323943662	0.05985915492957746
65	file:/media/sf_vm-shared/project4/data/nsf/statistical-analysis-for-binary-traits.txt	8.503401360544217E-4	0.39880952380952384	0.09268707482993198	0.05187074829931973	0.01445578231292517	0.007653061224489796	8.503401360544217E-4	8.503401360544217E-4	8.503401360544217E-4	0.021258503401360544	0.017857142857142856	8.503401360544217E-4	0.30357142857142855	0.06887755102040816	8.503401360544217E-4	8.503401360544217E-4	0.01445578231292517	8.503401360544217E-4	8.503401360544217E-4	8.503401360544217E-4
66	file:/media/sf_vm-shared/project4/data/nsf/career-structure-and-dynamics-of-negative-ions-via-photoelectron-imaging.txt	0.039473684210526314	0.287593984962406	0.009398496240601503	0.0018796992481203006	0.009398496240601503	0.009398496240601503	0.05451127819548872	0.0018796992481203006	0.37030075187969924	0.08458646616541353	0.016917293233082706	0.009398496240601503	0.0018796992481203006	0.009398496240601503	0.0018796992481203006	0.02443609022556391	0.046992481203007516	0.0018796992481203006	0.009398496240601503	0.009398496240601503
67	file:/media/sf_vm-shared/project4/data/nsf/sger-american-identity-under-siege-re-categorization-at-ground-zero.txt	0.03917910447761194	0.08395522388059702	0.15858208955223882	0.0018656716417910447	0.0018656716417910447	0.0018656716417910447	0.0018656716417910447	0.0018656716417910447	0.016791044776119403	0.0018656716417910447	0.0018656716417910447	0.0018656716417910447	0.024253731343283583	0.0914179104477612	0.061567164179104475	0.30783582089552236	0.009328358208955223	0.0018656716417910447	0.0018656716417910447	0.1884328358208955
68	file:/media/sf_vm-shared/project4/data/nsf/collaborative-research-a-two-body-towing-system-for-swath-mapping-ocean.txt	0.006944444444444444	0.14027777777777778	0.001388888888888889	0.001388888888888889	0.001388888888888889	0.2013888888888889	0.04027777777777778	0.001388888888888889	0.029166666666666667	0.006944444444444444	0.006944444444444444	0.02361111111111111	0.001388888888888889	0.11805555555555555	0.04583333333333333	0.001388888888888889	0.08472222222222223	0.001388888888888889	0.2847222222222222	0.001388888888888889
69	file:/media/sf_vm-shared/project4/data/nsf/us-spain-cooperative-research-optical-studies-of-carbon-nanotubes-under-high.txt	0.024193548387096774	0.13172043010752688	0.002688172043010753	0.002688172043010753	0.002688172043010753	0.06720430107526881	0.3790322580645161	0.002688172043010753	0.002688172043010753	0.002688172043010753	0.002688172043010753	0.09946236559139784	0.002688172043010753	0.06720430107526881	0.013440860215053764	0.002688172043010753	0.002688172043010753	0.056451612903225805	0.024193548387096774	0.11021505376344086
70	file:/media/sf_vm-shared/project4/data/nsf/sger-biodiversity-of-native-mexican-trout-genus-oncorhynchus-spp-and-the.txt	0.009825327510917031	0.06222707423580786	0.001091703056768559	0.5949781659388647	0.04475982532751092	0.001091703056768559	0.001091703056768559	0.001091703056768559	0.001091703056768559	0.001091703056768559	0.009825327510917031	0.018558951965065504	0.018558951965065504	0.009825327510917031	0.13646288209606988	0.04475982532751092	0.001091703056768559	0.001091703056768559	0.001091703056768559	0.04039301310043668
71	file:/media/sf_vm-shared/project4/data/nsf/solar-system-laboratory-aeronomy-by-electron-impact-with-emphasis-on-terrestrial.txt	0.00390625	0.45703125	0.00390625	0.01953125	0.00390625	0.06640625	0.08203125	0.00390625	0.01953125	0.03515625	0.00390625	0.00390625	0.00390625	0.01953125	0.00390625	0.00390625	0.00390625	0.05078125	0.20703125	0.00390625
72	file:/media/sf_vm-shared/project4/data/nsf/looking-inside-the-black-box-classroom-practice-that-supports-high-achievement.txt	0.002336448598130841	0.002336448598130841	0.1425233644859813	0.002336448598130841	0.002336448598130841	0.09579439252336448	0.002336448598130841	0.002336448598130841	0.002336448598130841	0.441588785046729	0.002336448598130841	0.002336448598130841	0.002336448598130841	0.11448598130841121	0.05841121495327103	0.08644859813084112	0.011682242990654205	0.002336448598130841	0.002336448598130841	0.02102803738317757
73	file:/media/sf_vm-shared/project4/data/nsf/the-j-p-harrington-database-project-the-california-materials.txt	0.008169934640522876	0.04738562091503268	0.08006535947712418	0.15196078431372548	0.03431372549019608	0.0016339869281045752	0.0016339869281045752	0.0016339869281045752	0.0016339869281045752	0.07352941176470588	0.014705882352941176	0.0016339869281045752	0.014705882352941176	0.008169934640522876	0.008169934640522876	0.4133986928104575	0.014705882352941176	0.0016339869281045752	0.0016339869281045752	0.119281045751634
74	file:/media/sf_vm-shared/project4/data/nsf/career-the-impact-of-resource-scheduling-on-improving-server-performance.txt	0.002717391304347826	0.2418478260869565	0.002717391304347826	0.002717391304347826	0.01358695652173913	0.002717391304347826	0.002717391304347826	0.01358695652173913	0.002717391304347826	0.002717391304347826	0.28532608695652173	0.035326086956521736	0.002717391304347826	0.22010869565217392	0.002717391304347826	0.07880434782608696	0.07880434782608696	0.002717391304347826	0.002717391304347826	0.002717391304347826
75	file:/media/sf_vm-shared/project4/data/nsf/protein-crystals-new-templates-for-the-construction-of-nanostructured-solids.txt	0.03017241379310345	0.05316091954022988	0.0014367816091954023	0.0014367816091954023	0.0014367816091954023	0.0014367816091954023	0.3692528735632184	0.007183908045977011	0.20833333333333334	0.02442528735632184	0.0014367816091954023	0.09339080459770115	0.09913793103448276	0.0014367816091954023	0.0014367816091954023	0.0014367816091954023	0.01293103448275862	0.007183908045977011	0.0014367816091954023	0.08189655172413793
76	file:/media/sf_vm-shared/project4/data/nsf/geometric-singular-perturbations-with-turning-points-and-synchronization-of.txt	0.03195488721804511	0.16729323308270677	0.0018796992481203006	0.0018796992481203006	0.06203007518796992	0.10714285714285714	0.0018796992481203006	0.34022556390977443	0.009398496240601503	0.0018796992481203006	0.05451127819548872	0.0018796992481203006	0.016917293233082706	0.0018796992481203006	0.0018796992481203006	0.016917293233082706	0.16729323308270677	0.0018796992481203006	0.0018796992481203006	0.009398496240601503
77	file:/media/sf_vm-shared/project4/data/nsf/wave-turbulence-in-atmospheric-and-oceanic-flows.txt	0.008395522388059701	0.23973880597014927	0.0046641791044776115	9.328358208955224E-4	0.012126865671641791	9.328358208955224E-4	0.02332089552238806	9.328358208955224E-4	9.328358208955224E-4	9.328358208955224E-4	9.328358208955224E-4	0.027052238805970148	9.328358208955224E-4	0.030783582089552237	0.027052238805970148	9.328358208955224E-4	0.5792910447761194	9.328358208955224E-4	0.03824626865671642	9.328358208955224E-4
